00000000
00011000
11011110
00000000
10000000
00100000
10000000
00011011
00000000
00000010
10010000
01001000
00000101
00110001
10000101
00110001
10000000
00010010
00111000
00100111
00101000
01100111
10000000
00010010
10111000
01100010
00000010
01001000
10000000
00010100
10111000
01100100
10100000
01110100
00100000
00100110
11001000
00100110
10000000
00010010
10111000
01100010
00000010
01001000
10000000
00010100
10111000
01100100
10100000
01110100
10001000
00001100
10000010
01001000
10000001
01011001
11110111
10010111
01111000
01110100
00001000
00001100
10000010
01001000
10001000
00001110
10000010
01001000
00000010
01001000
00000001
01011001
11100011
10010111
00000000
00011000
11001110
00000001
00000000
00011001
01001110
00000001
00001111
00110010
10000000
00011000
11011110
00000000
10010000
00010101
00000010
01001001
00010000
00010110
00000010
01001001
10010000
00010110
00000010
01001001
00010000
00010111
00000010
01001001
10000111
00110001
10001000
00010010
10101001
01100101
10000010
01001000
10001000
00010010
00101000
01000110
10000010
01001000
10001000
00010010
10101000
01000110
10000010
01001000
10001000
00010010
00101001
01100111
10000010
01001000
11011000
00100011
01100000
00100100
11101000
00100100
01110000
00100101
11101000
01111101
01110000
01111110
10001000
00010010
10101001
01100101
10000010
01001000
01011000
01000110
10001000
00010010
00101001
01100110
10000010
01001000
11100000
01000101
11100000
01111011
11100000
01111100
01011000
01111100
01011000
01111101
10111000
00100101
01001000
00100110
11000000
00100110
01010000
00100111
10000001
01011001
11011101
10010111
10001000
00010010
10101001
01100101
10000010
01001000
10001000
00010010
10101000
01000110
10000010
01001000
10001000
00010010
00101000
01000110
10000010
01001000
10001000
00010010
00101001
01100111
10000000
00011000
11011110
00000000
10000000
00111101
10000001
00111110
00000010
00111110
00000011
00111111
00001000
01001000
00000001
01011010
10111110
10010111
00000000
11111000
00000000
11111000
00000010
01111000
01010001
11000100
01100011
01000100
01000011
01001010
00010000
11111010
01011100
10100001
01011010
01000000
01000010
01001010
00000000
00000000
00000000
00000000
00000000
00000000
00000000
00000000
00000000
00000000
00000000
00000000
00000000
00000000
00000000
00000000
00000000
00000000
00000000
00000000
00000000
00000000
00000000
00000000
00000000
00000000
00000000
00000000
00000000
00000000
00000000
00000000
00000000
00000000
00000000
00000000
00000000
00000000
00000000
00000000
00000000
00000000
00000000
00000000
00000000
00000000
00000000
00000000
00000000
00000000
00000000
00000000
00000000
00000000
00000000
00000000
00000000
00000000
00000000
00000000
00000000
00000000
00000000
00000000
00000000
00000000
00000000
00000000
00000000
00000000
00000000
00000000
00000000
00000000
00000000
00000000
00000000
00000000
00000000
00000000
00000000
00000000
00000000
00000000
00000000
00000000
00000000
00000000
00000000
00000000
00000000
00000000
00000000
00000000
00000000
00000000
10000010
00100000
00010001
00101100
01010001
00001001
01000000
00001000
10000010
00100000
00010001
00101100
01010001
00001001
01000000
00001000
10000010
00100000
00010001
00101100
01010001
00001001
01000000
00001000
10000010
00100000
00010001
00101100
01010001
00001001
01000000
00001000
10000010
00100000
00010001
00101100
01010001
00001001
01000000
00001000
10000010
00100000
00010001
00101100
01010001
00001001
01000000
00001000
10000010
00100000
00010001
00101100
01010001
00001001
01000000
00001000
10000010
00100000
00010001
00101100
01010001
00001001
01000000
00001000
10000010
00100000
00010001
00101100
01010001
00001001
01000000
00001000
10000010
00100000
00010001
00101100
01010001
00001001
01000000
00001000
10000010
00100000
00010001
00101100
01010001
00001001
01000000
00001000
10000010
00100000
00010001
00101100
01010001
00001001
01000000
00001000
10000010
00100000
00010001
00101100
01010001
00001001
01000000
00001000
10000010
00100000
00010001
00101100
01010001
00001001
01000000
00001000
10000010
00100000
00010001
00101100
01010001
00001001
01000000
00001000
10000010
00100000
00010001
00101100
01010001
00001001
01000000
00001000
00000000
00000000
00000000
00000000
00000000
00000000
00000000
00000000
