00000000
11111100
10000000
10001100
00000000
11110100
10010000
00000010
00010000
00000010
10010000
00000010
00010000
00000010
10000111
10001000
10101001
10000010
10001000
00101000
10000010
10001000
10101000
10000010
10001000
00101001
10000010
11011000
01100000
11101000
01110000
11101000
01110000
10001000
10101001
10000010
01011000
10001000
00101001
10000010
11100000
11100000
11100000
01011000
01011000
10111000
01001000
11000000
01010000
10000001
11011101
10001000
10101001
10000010
10001000
10101000
10000010
10001000
00101000
10000010
10001000
00101001
10000000
10001100
10000000
10000001
00000010
00000011
00001000
00000000
00000010
01010001
01100011
01000011
00010000
01011100
01011010
01000010
10001000
10010100
11110100
01000010
10000000
10010100
11110000
10001000
00001111
01000010
01110001
01101001
00001001
00001011
01000101
10001101
00001010
00000010
01010010
11000000
00100010
00100011
01010010
11010000
10100100
00100111
00101100
00010100
00110100
00111111
00001010
11000100
00000000
10001010
10001100
01001000
01000010
00101011
00001011
01001000
01010001
11010010
11111110
00101000
10000010
00010001
01010001
01000000
00000000
00000000
00000000
00000000
