00
18
fc
00
80
18
8c
00
00
19
f4
00
90
15
02
49
10
16
02
49
90
16
02
49
10
17
02
49
87
31
88
12
a9
65
82
48
88
12
28
46
82
48
88
12
a8
46
82
48
88
12
29
67
82
48
d8
23
60
24
e8
24
70
25
e8
7d
70
7e
88
12
a9
65
82
48
58
46
88
12
29
66
82
48
e0
45
e0
7b
e0
7c
58
7c
58
7d
b8
25
48
26
c0
26
50
27
81
59
dd
97
88
12
a9
65
82
48
88
12
a8
46
82
48
88
12
28
46
82
48
88
12
29
67
80
18
8c
00
80
3d
81
3e
02
3e
03
3f
08
30
00
f8
02
78
51
c4
63
44
43
4a
10
fa
5c
a1
5a
40
42
4a
88
a2
94
c6
f4
87
42
21
80
b8
94
b4
f0
84
88
05
0f
29
42
e8
71
85
69
01
09
29
0b
e0
45
11
8d
11
0a
85
02
e2
52
d2
c0
13
22
16
23
8a
52
1a
d0
1f
a4
05
27
a4
2c
80
14
45
34
46
3f
a4
0a
a1
c4
15
00
4f
8a
58
8c
28
48
69
42
7f
2b
14
0b
88
48
49
51
14
d2
18
fe
90
28
84
82
20
11
2c
51
09
40
08
00
00
00
00
00
00
00
00
