00011000
00000000
00011000
00000000
00011001
00000000
00010101
01001001
00010110
01001001
00010110
01001001
00010111
01001001
00110001
00010010
01100101
01001000
00010010
01000110
01001000
00010010
01000110
01001000
00010010
01100111
01001000
00100011
00100100
00100100
00100101
01111101
01111110
00010010
01100101
01001000
01000110
00010010
01100110
01001000
01000101
01111011
01111100
01111100
01111101
00100101
00100110
00100110
00100111
01011001
10010111
00010010
01100101
01001000
00010010
01000110
01001000
00010010
01000110
01001000
00010010
01100111
00011000
00000000
00111101
00111110
00111110
00111111
00110000
11111000
01111000
11000100
01000100
01001010
11111010
10100001
01000000
01001010
10100010
11000110
10000111
00100001
10111000
10110100
10000100
00000101
00101001
11101000
10000101
00000001
00101001
11100000
00010001
00010001
10000101
11100010
11010010
00010011
00010110
10001010
00011010
00011111
00000101
10100100
10000000
01000101
01000110
10100100
10100001
00010101
01001111
01011000
00101000
01101001
01111111
00010100
10001000
01001001
00010100
00011000
10010000
10000100
00100000
00101100
00001001
00001000
00000000
00000000
00000000
00000000
